0 0 14 12 0 0 0 4
0 0 0 0 6 0
1 0 1 0 8 35
2 0 0 0 11 5
3 0 1 0 13 25
1 0 14 12 0 0 0 4
0 0 0 0 6 30
1 0 1 0 8 30
2 0 0 0 10 30
3 0 1 0 12 0
2 0 14 12 0 0 0 5
0 0 0 0 7 0 
1 0 1 0 9 10
2 0 0 0 11 15
3 0 1 0 12 45
4 0 0 0 14 15
3 0 14 12 0 0 0 6
0 0 0 0 7 30
1 0 1 0 9 35
2 0 0 0 10 45
3 0 1 0 12 0
4 0 0 0 15 15
5 0 1 0 16 30
4 0 14 12 0 0 0 5
0 0 0 0 8 0
1 0 1 0 10 0
2 0 0 0 11 30
3 0 1 0 13 20
4 0 0 0 14 45
5 9 0 18 0 0 1 4
0 0 0 0 6 0
1 0 1 0 7 20
2 0 0 0 11 0
3 0 1 0 13 40
6 9 0 18 0 0 1 5
0 0 0 0 7 0
1 0 1 0 9 0
2 0 0 0 10 30
3 0 1 0 12 20
4 0 0 0 13 35
7 9 0 18 0 0 1 6
0 0 0 0 7 40
1 0 1 0 9 20
2 0 0 0 10 45
3 0 1 0 12 50
4 0 0 0 14 10
5 0 1 0 15 30
8 9 0 18 0 0 1 6
0 0 0 0 8 0 
1 0 1 0 9 55
2 0 0 0 11 30
3 0 1 0 12 55
4 0 0 0 14 25
5 0 1 0 15 45
9 9 0 18 0 0 1 4
0 0 0 0 9 5
1 0 1 0 10 20
2 0 0 0 12 0
3 0 1 0 14 45