0 5 3 0 0 3 2
15 12 12
16 12 12
5 7 9 0 0 9 8
17 11 3
17 10 3
17 9 3
17 8 3
17 7 3
17 6 15
17 5 3
17 4 6
7 4 4 0 0 4 3
18 5 3
18 6 9
17 6 15
4 1 6 0 0 6 5 
16 7 9
15 7 12
14 7 12
13 7 12
12 7 12
1 3 5 0 0 5 4
11 6 3
11 5 10
10 5 12
9 5 12
3 2 8 0 0 8 7
8 6 3
8 7 3
8 8 3
8 9 3
8 10 3
8 11 3
8 12 3
2 6 6 0 0 6 5
8 14 3
8 15 3
8 16 9
7 16 12
6 16 12
6 9 7 0 0 7 6
5 17 3
5 18 13
4 18 12
3 18 12
2 18 12
1 18 12
9 8 19 0 0 19 18
1 18 12
2 18 12
3 18 12
4 18 12
5 18 13
6 18 12
7 18 12
8 18 12
9 18 12 
10 18 12  
11 18 12
12 18 12
13 18 12
14 18 12
15 18 12
16 18 12
17 18 12
18 18 12